time,x,y,z,phi,theta,psi,x_velocity,y_velocity,z_velocity,phi_velocity,theta_velocity,psi_velocity,rotor_speed1,rotor_speed2,rotor_speed3,rotor_speed4
0.06,-2.09148317431e-08,-9.31755441585e-08,10.0034436529,6.28298486137,6.28278633382,0.0,1.45441055182e-05,-1.24911985283e-05,0.114783033719,-0.0110380442772,-0.0252706747236,0.0,442.8138867636823,440.7306211625307,441.81258406020925,440.9018053014657
0.12000000000000001,1.67919252616e-05,-8.48598645786e-06,10.0160314245,6.28215901429,6.28094233222,0.0,0.000735964206913,-0.00035233111967,0.30477697157,-0.0198654522568,-0.0448512692402,0.0,465.03977356953624,463.50340255036645,465.2844803269904,464.59311325389604
0.18,0.000115569813522,-5.40669088291e-05,10.0366868168,6.28142601068,6.27852513607,0.0,0.00280787647557,-0.00125898045145,0.383711430239,-0.000156630689005,-0.0324426431187,0.0,430.021551371967,431.07028362777817,429.1733669329138,430.84273812918923
0.23999999999999996,0.000415140959622,-0.000175838266652,10.0682732586,6.28107385289,6.27695928457,0.0,0.00740154515083,-0.00281861602103,0.669045583044,-0.020870762393,-0.0157350482226,0.0,491.2998613809061,492.53676022995614,493.6552854133203,492.12474752689155
0.3,0.000977317641098,-0.000388251839743,10.1093219004,6.28004772723,6.27664604389,0.0,0.0113900467789,-0.00436539350694,0.699223653243,-0.0104671794376,0.0102022659999,0.0,413.7384877540558,416.01554953324273,413.9290715766899,414.84351460395555
0.36000000000000004,0.00179566797835,-0.000718512917494,10.1546033846,6.27908573612,6.27706031924,0.0,0.0158336196664,-0.00672197762825,0.810086718907,-0.0305130086592,-0.00067739533947,0.0,440.59216543099865,439.69177886438825,442.3987489033509,440.74537462689017
0.4200000000000001,0.00289390003191,-0.00122929699169,10.2098440628,6.27754387665,6.2764519316,0.0,0.0207907240856,-0.0105039136792,1.03109498757,-0.0174829884648,-0.0467595588927,0.0,476.7478157389273,473.2141507135012,473.39114669309004,474.3924889074683
0.48000000000000015,0.00430619189779,-0.00199244239633,10.2768098406,6.27628786804,6.27383879669,0.0,0.0265880961975,-0.0150615431661,1.20093127264,-0.0289246586585,-0.037807256809,0.0,459.5116083135062,460.2196376152329,459.8064886138705,458.8992761123625
0.5400000000000001,0.00609329956817,-0.00303804562803,10.3508548364,6.27427742219,6.27164721196,0.0,0.0331976488714,-0.0199710217096,1.26716020655,-0.0447604829402,-0.0340810171303,0.0,426.971158002511,427.28823650320726,428.5982891969152,427.24986170406913
0.6000000000000002,0.00835218433945,-0.00444708717571,10.4316285979,6.27146839151,6.26951835853,0.0,0.0423268681239,-0.0272986635245,1.42510877549,-0.0512837690506,-0.0384381987522,0.0,456.1324164011728,455.78383407307047,457.3665221614101,456.84548084146167
0.6600000000000003,0.011274859295,-0.00641936327396,10.5266864262,6.26835421984,6.26669255858,0.0,0.0554178505684,-0.0388540500047,1.74304618165,-0.0531702481076,-0.0764375396127,0.0,504.279615061139,501.5260414496532,503.73654885900834,503.59873234988333
0.7200000000000003,0.0149836356009,-0.0090922502825,10.6357621405,6.26515315371,6.26249738506,0.0,0.0686812694771,-0.0505877478459,1.89256043279,-0.0537151462503,-0.0593289240246,0.0,454.85366784667707,456.2179315140645,455.1551359975268,455.10972780514885
0.7800000000000004,0.0195708853401,-0.0125345921305,10.7535207558,6.26217013216,6.25930819782,0.0,0.0845836234117,-0.0644861065459,2.03247297804,-0.042729136641,-0.0430217517279,0.0,452.01252270324875,453.3228122477458,452.7457742520559,453.62723203473394
0.8400000000000004,0.0251514150189,-0.0168495921561,10.8785650701,6.25985125646,6.25628082515,0.0,0.101709140508,-0.0795920972862,2.13547000254,-0.0315321841699,-0.0726162831225,0.0,443.60772214373617,441.1690846147735,441.11600931809875,442.0388483322645
0.9000000000000005,0.0319372314766,-0.0222091727901,11.0136997779,6.25747434838,6.25228256585,0.0,0.124977851096,-0.0992977136925,2.36854446494,-0.065247178761,-0.0567765200863,0.0,481.2330947369463,482.42750000460944,482.740179348654,480.1885611609844
0.9600000000000005,0.0400965711389,-0.0287205302158,11.1591016821,6.25394541405,6.2490743346,0.0,0.147333807726,-0.118123433935,2.47793045586,-0.0483395408922,-0.0475675949439,0.0,445.4370161146996,446.1875396437955,444.41824594021546,445.7993707804333
1.0200000000000005,0.0497682896595,-0.036523566617,11.3141398766,6.25091383106,6.24680927943,0.0,0.175337374896,-0.142314340416,2.68951078225,-0.0553024412865,-0.0231075083251,0.0,475.39723918691953,477.2670147326231,477.71976071902975,477.18711287731975
1.0800000000000005,0.0612362159617,-0.045912638489,11.4837012019,6.24780715349,6.24523693482,0.0,0.207089222088,-0.171041086723,2.96184260276,-0.0455275952695,-0.0332602861423,0.0,495.4396377549434,494.69253924590504,495.236943850757,495.9539348739472
1.1400000000000006,0.0744439638703,-0.0569085537162,11.6641813683,6.24516067687,6.24388863511,0.0,0.233321597812,-0.195751599109,3.0538994202,-0.0414107064334,-0.00675225530058,0.0,441.6445172285551,443.82538904257456,443.3258146300224,443.662851238591
1.2000000000000006,0.0891245983988,-0.0693203108006,11.8470668976,6.24280392172,6.24394852461,0.0,0.256044738583,-0.218181796277,3.04230210013,-0.0353259472131,0.0131867309816,0.0,407.7844895553111,409.56179139164453,410.5341700381941,411.0728121594484
1.2600000000000007,0.105152354822,-0.0831054944281,12.028957387,6.24079592646,6.24465016342,0.0,0.27815147606,-0.24150046534,3.02076179314,-0.0299862259249,0.00852763731637,0.0,404.98353186899874,404.56412601361455,407.5658097049956,408.04222804898166
1.3200000000000007,0.122458646507,-0.0982831413188,12.208619585,6.23913623164,6.24564601958,0.0,0.298665623794,-0.264564942562,2.96810853089,-0.0233770170343,0.0291818530363,0.0,395.04175763628297,396.94174801791024,394.37703375198566,394.9867384612008
1.3800000000000008,0.141290011817,-0.115244310172,12.3935517871,6.23763879174,6.24765246088,0.0,0.32879287018,-0.300956595096,3.19568315416,-0.0283212651484,0.0408267983921,0.0,483.14311253991787,484.020626716836,484.769748566371,484.3980384064621
1.4400000000000008,0.161725683904,-0.134230237833,12.5878441555,6.23558453717,6.24989586377,0.0,0.352149685874,-0.332081377673,3.28048291389,-0.0499739515417,0.0294373545847,0.0,443.16921686643514,442.2326885909742,442.7672208005235,440.98159363639115
1.5000000000000009,0.183531650651,-0.155148204118,12.7875968482,6.23270685573,6.25127767572,0.0,0.374538881799,-0.365469879192,3.37764092927,-0.0442139374678,0.00540416719562,0.0,448.0007769084786,446.0423552455184,446.16301066431737,446.63165254600756
1.560000000000001,0.206731893017,-0.17824671375,12.9955054173,6.22985069048,6.25144286933,0.0,0.398754895883,-0.404764715237,3.55209264939,-0.0554253900852,-0.00316033328069,0.0,471.36644659013723,470.70405974249724,471.1833533424835,470.31451531608764
1.620000000000001,0.231223038037,-0.203499923529,13.2088518281,6.2266731385,6.25094918176,0.0,0.417641387422,-0.437295594225,3.55940500829,-0.0484357340874,-0.0210226675497,0.0,419.6984001627532,418.14519932406876,419.9112779461003,420.51519225917775
1.680000000000001,0.257008832057,-0.231024118673,13.4272431093,6.22380030012,6.25005156988,0.0,0.441983730301,-0.480470062936,3.71975855688,-0.0467932930613,-0.00498035254642,0.0,466.9211365367394,468.17114167538625,468.2617341328102,468.38822402612936
1.740000000000001,0.284154451658,-0.260991805585,13.65173801,6.2217334538,6.24930729243,0.0,0.462904897027,-0.518667564274,3.763234685,-0.0171052562904,-0.034527791733,0.0,433.5822694284455,431.0925991472312,431.91570560071426,434.4117346784536
1.8000000000000012,0.312529045091,-0.293203981512,13.8775143193,6.22024961326,6.24798162414,0.0,0.483054414058,-0.555176920451,3.76262017772,-0.0478609501673,-0.0046629691167,0.0,418.4344833954926,421.0263298943051,418.8483047748067,416.164396049561
1.8600000000000012,0.342238739351,-0.327834584423,14.1063216641,6.21764750534,6.24803936399,0.0,0.507262794608,-0.599435816638,3.8639187139,-0.035632113027,0.0103383260748,0.0,450.5302979092132,451.7416381184387,451.33919217278356,452.32408804066534
1.9200000000000013,0.373467351282,-0.365307537717,14.3432435056,6.2155111048,6.24893464272,0.0,0.533579704232,-0.64986716974,4.03286254121,-0.0355558609018,0.0227941314498,0.0,472.9735497451805,473.93182438752956,472.0442153007975,472.0496243309857
1.9800000000000013,0.406141068338,-0.405635427678,14.5870740022,6.2138900664,6.24997389076,0.0,0.555412914696,-0.694562161772,4.09457737051,-0.0138637394593,0.00316345656175,0.0,441.8296343692931,440.2080100629067,440.3513993419936,442.1420625836147
2.0400000000000014,0.44010544083,-0.448671057889,14.8345666552,6.21288233574,6.25101008147,0.0,0.576653432484,-0.740036705752,4.15493996789,-0.0234196383323,0.0363203705856,0.0,440.0131927355805,442.74981894939845,441.44855902380186,440.6593358917258
2.1000000000000014,0.4753183904,-0.494460838327,15.0857181514,6.21140493589,6.25299996373,0.0,0.59689687937,-0.786417961184,4.21653215392,-0.0271461233277,0.0259603311742,0.0,443.17452880279967,442.3225159175176,441.6308599807169,441.323260152049
2.1600000000000015,0.511803957488,-0.543295758977,15.3437676944,6.20985844086,6.25483284038,0.0,0.619072676505,-0.841550812427,4.38446020373,-0.0231649374086,0.0384266741221,0.0,474.91667348339513,475.8722093606294,474.73107788940627,475.03640448782136
2.2200000000000015,0.549556185845,-0.595426099753,15.6112348962,6.20836379282,6.25698702339,0.0,0.639069407249,-0.896248741577,4.53051889028,-0.0286530656875,0.0303076821542,0.0,469.8034202338033,469.1739180179438,470.66441205768587,470.2393670707143
2.2800000000000016,0.588307792754,-0.65042875268,15.8815463757,6.20669296698,6.25896661494,0.0,0.652498463036,-0.937330937178,4.48004444015,-0.0262822527023,0.0378847489866,0.0,407.96864268472734,408.6452414069612,408.5071407176386,408.71824821372667
2.3400000000000016,0.627881320837,-0.708087230513,16.1509395782,6.20501697156,6.26098095369,0.0,0.666416419889,-0.984767096246,4.49962869834,-0.0314579538946,0.0231369475091,0.0,431.3360553786155,430.08911098600123,432.44441181036444,432.00793571639696
2.4000000000000017,0.668248597247,-0.768601174358,16.4212132159,6.20407937144,6.26229239698,0.0,0.679033830675,-1.03248609118,4.50942974979,0.00497351256598,0.019167219393,0.0,428.1269061969052,427.78900275304045,427.492236173433,430.5856816740912
2.4600000000000017,0.709375388394,-0.832094431968,16.6933735081,6.20411207522,6.2640693349,0.0,0.691705357306,-1.08393381739,4.56235780527,-0.0102417588572,0.0449641356815,0.0,441.8180850539082,443.9403759847141,442.7800359909015,441.5263828969938
2.520000000000002,0.75127382326,-0.898897740011,16.9714595439,6.20374001199,6.26664923498,0.0,0.704604718546,-1.1428611935,4.70657240954,0.000854576287924,0.0387456683925,0.0,471.1122466912809,470.6320378460371,470.7684715770861,471.62648115291853
2.580000000000002,0.793885814956,-0.969226702702,17.2579640797,6.20368138304,6.26899264864,0.0,0.715529033709,-1.2014059113,4.84299268577,-0.00491868673633,0.0396720404903,0.0,470.9480423193444,471.0203612994495,469.0835538990285,468.6349867565931
2.640000000000002,0.837041234542,-1.04272945186,17.5483324768,6.20297317313,6.27132315336,0.0,0.722776548531,-1.24874062426,4.83597069191,-0.0314293808508,0.0371276376622,0.0,425.432308779352,425.2151792605681,428.20441267302493,425.9429234149275
2.700000000000002,0.880576701255,-1.11899789523,17.8371024116,6.20079475629,6.27318588187,0.0,0.728234986195,-1.29373027284,4.78986083358,-0.0484828390697,0.0146873947454,0.0,414.1119743033757,412.13339535175277,413.8292914722635,412.32442933272705
2.760000000000002,0.924456401067,-1.19837387832,18.1275349476,6.19883069108,6.27395072213,0.0,0.73432997561,-1.35234911822,4.89074328543,-0.0122083929911,0.00855378132695,0.0,459.6008946940716,459.1143189621315,459.3209824158277,462.1885035425305
2.820000000000002,0.96869837748,-1.28140963915,18.4252702434,6.19758508786,6.27424173558,0.0,0.740349649357,-1.41556665078,5.03310663546,-0.0493662980888,-0.00383675484455,0.0,473.5971680290843,472.64299894801394,475.3023592260301,472.4455241364853
2.880000000000002,1.01331115841,-1.36840592761,18.7330220286,6.19481078548,6.2739003725,0.0,0.746766767892,-1.48457611287,5.22434794389,-0.0406215983755,-0.00967929663823,0.0,489.38677778314104,488.95174987655355,488.7277188310561,489.37807382719126
2.940000000000002,1.05829305149,-1.45936914928,19.0495555854,6.19272061017,6.27315581511,0.0,0.752691788309,-1.54773174474,5.32623161036,-0.0252395456841,-0.0185205890045,0.0,464.49249216630113,463.79863387157997,464.4827941835389,465.6872327027548
3.000000000000002,1.10366438853,-1.55432298681,19.3739309958,6.1914440386,6.27287313943,0.0,0.759745037699,-1.61749674348,5.48546322942,-0.0143401357099,0.0140614261941,0.0,481.13228913080883,483.59320162958284,482.66669655893253,483.4887181553688
3.0600000000000023,1.14942457451,-1.6531895626,19.7045635513,6.19012900841,6.27361226458,0.0,0.765513534729,-1.67814845733,5.53533675319,-0.0448008879165,0.00858337956746,0.0,451.7461209429912,451.30397923995105,452.5042740626998,450.04490836941534
3.1200000000000023,1.1955505308,-1.75606027226,20.0416906947,6.18738342134,6.27421198207,0.0,0.771945031038,-1.75111561756,5.70132902638,-0.047749422277,0.0126793413988,0.0,487.61514166014643,487.9209446499003,486.0682524099631,485.84616922285926
3.1800000000000024,1.24205673235,-1.86349389203,20.389991538,6.18441846045,6.27579970272,0.0,0.778099263194,-1.830259913,5.90755053932,-0.0529756328385,0.0452076209111,0.0,497.8489934004596,500.22381061040767,501.34787429363047,500.96672182327984
3.2400000000000024,1.28884733305,-1.9751978592,20.7450946392,6.18098740157,6.27810483891,0.0,0.7813477163,-1.89350724256,5.92902945446,-0.067309934636,0.0192157494456,0.0,448.940538847869,446.82680951258334,447.51925656295504,446.3484143087017
3.3000000000000025,1.33579558461,-2.09078770811,21.1016863046,6.17696854032,6.27954200178,0.0,0.783469731644,-1.95985380827,5.95711045504,-0.0663314984243,0.0320524895127,0.0,450.23663791981784,451.2742839385822,449.02085754893153,449.096943877679
3.3600000000000025,1.38284844061,-2.21066278484,21.4620851526,6.17454628884,6.28114841076,0.0,0.784769519762,-2.03624536536,6.0555644883,-0.0125580423446,0.0132805696175,0.0,472.3863697559742,470.9364295157915,470.1756114045748,474.3227039668066
3.4200000000000026,1.42994666343,-2.33499712158,21.8268266066,6.17389930708,6.28191486332,0.0,0.785095049628,-2.10830001224,6.10217538163,-0.00745040325779,0.0117417736459,0.0,458.1281262930512,458.00560552756804,456.56817859105615,456.97571678289614
3.4800000000000026,1.47704727145,-2.46345473806,22.1923721921,6.17318734525,6.28280845858,0.0,0.784855382306,-2.1737116913,6.08273371915,-0.0226129678657,0.020549528711,0.0,437.5588718955244,438.2915753233333,437.1263700970452,435.86081158855274
3.5400000000000027,1.52411583443,-2.59551687816,22.5536579094,6.17225891122,0.000699693623383,0.0,0.784013889014,-2.22854225746,5.96073281772,-0.00406375220304,0.0121389613772,0.0,402.53428353282436,401.77223000064015,402.2153979061929,403.89228971496607
3.6000000000000028,1.57111321908,-2.73164296664,22.9144050133,6.17207725826,0.00201914961103,0.0,0.782453775824,-2.30899121455,6.06356512041,-0.00103161346235,0.036676225689,0.0,472.75146262312967,474.63871920954006,473.70540379063806,473.93861682717613
3.660000000000003,1.61799138048,-2.87227024583,23.278294641,6.17194109571,0.00416857931171,0.0,0.779956261648,-2.37863265531,6.06603521592,-0.00486772245287,0.0340624947516,0.0,443.43387198541757,443.2196319803221,445.0414191730287,444.7272984714986
3.720000000000003,1.66469212809,-3.01681451173,23.6398810048,6.17139031605,0.00644280738605,0.0,0.776565196083,-2.43962965704,5.98722973716,-0.019616232532,0.044650479979,0.0,416.93140992294053,417.8564527193335,418.4161904831909,417.1300061677075
3.780000000000003,1.7111238793,-3.16548352569,24.00069223,6.17012788688,0.00961379955129,0.0,0.770874668275,-2.51612673041,6.03946255703,-0.024052746924,0.0655897880215,0.0,458.1169969070946,459.78095046815486,459.2457399563953,458.8936536517024
3.840000000000003,1.75711387821,-3.31914784275,24.3678972548,6.16884677086,0.0134854076859,0.0,0.76169323411,-2.60610668788,6.19974531405,-0.0164344206191,0.0623123515741,0.0,491.7924116824826,491.5521613409995,491.6829735921246,492.247207482183
3.900000000000003,1.80249947434,-3.47796289703,24.7422550663,6.16905638701,0.0176523009258,0.0,0.750764917408,-2.68774895641,6.27835603346,0.0273644398309,0.0808499457201,0.0,468.89573867357484,470.3372421522123,468.0375986360071,471.43481295519433
3.960000000000003,1.84722277877,-3.64116933706,25.1168974136,6.17019392017,0.0228220508691,0.0,0.73960667293,-2.75245752844,6.21010377537,-0.00867458290192,0.095091139343,0.0,423.7230196050202,424.95227973009463,425.6135397276734,422.51704313843584
4.020000000000002,1.8910619527,-3.80887195263,25.49284134,6.17002287799,0.0282490416988,0.0,0.721124646108,-2.83764459322,6.32068012353,0.00680176642238,0.0790232952739,0.0,480.3311423067342,479.11690911796074,478.5224337544353,479.69939751293896
4.080000000000001,1.93380001719,-3.98123186105,25.8713163418,6.17098377533,0.032790120406,0.0,0.703078045178,-2.90770361753,6.2952701971,0.0299683668211,0.0679987485944,0.0,439.6871836801983,438.777201791975,437.62887360597205,439.5533705336852
4.14,1.97535092282,-4.15788365067,26.2491072792,6.1726492796,0.0366496554802,0.0,0.681599618216,-2.98060718106,6.29773722867,0.0229258802045,0.0557284709145,0.0,447.2840450818605,446.28636759290936,448.57011935762495,447.99790863089294
4.199999999999998,2.01555066242,-4.33888085457,26.6269137458,6.1746266448,0.0405381203149,0.0,0.658070804472,-3.05255763759,6.29581170308,0.0478406012865,0.0785999429193,0.0,445.5507083218737,447.42007699963824,444.8986599244914,446.9348085192728
4.259999999999997,2.05414262281,-4.52448612693,27.0075110083,6.17825823996,0.0464130817631,0.0,0.627791119254,-3.13397753359,6.39024872556,0.0782062015943,0.12131946974,0.0,474.5922992503264,477.8673981351974,474.0461297336263,476.37642995306345
4.319999999999996,2.09082050031,-4.7148427172,27.3930884913,6.18284141683,0.0536058578694,0.0,0.594102804239,-3.21084611668,6.46197733691,0.0724749312616,0.116835190841,0.0,470.0700463944738,469.73442893837506,470.1556036747959,469.7154975326961
4.379999999999995,2.12545388945,-4.90952280735,27.7807864553,6.1874205584,0.0603097723997,0.0,0.559731970044,-3.27820332267,6.46134725339,0.0830680000809,0.0988364161217,0.0,449.24817569939256,447.79681532598244,447.790270014736,448.65588278248873
4.439999999999993,2.1578428183,-5.10828329732,28.1695180625,6.19277997084,0.0661405668076,0.0,0.519360620023,-3.34675727049,6.49624014555,0.0995603633678,0.0936449524355,0.0,459.3981471623921,458.99395661468515,458.752645729595,460.06690775242765
4.499999999999992,2.18770408538,-5.31107091064,28.5602945569,6.19846328943,0.0719257711527,0.0,0.475495601742,-3.41239069637,6.52953508381,0.0826785706547,0.101457694316,0.0,459.2800673360077,459.90701377753993,459.1948272610396,457.86056370430146
4.559999999999991,2.21505553794,-5.51744912631,28.9498957052,6.20301012765,0.0774140296362,0.0,0.435713922364,-3.46665926669,6.45765354228,0.0561142462708,0.0386434266602,0.0,427.8781028878962,422.5010990745115,427.3464900293816,425.08008486570844
4.6199999999999894,2.23985270123,-5.7271347754,29.3363986764,6.20646206096,0.079814623086,0.0,0.390658142198,-3.52269259169,6.42599239923,0.0602261310116,0.0426109497845,0.0,437.25449528666064,437.58582432260204,438.14684117057817,438.49097631730257
4.679999999999988,2.26170343748,-5.94033684391,29.7235386418,6.20985471669,0.0822381478455,0.0,0.337496155906,-3.58378493148,6.47840104006,0.0479222841154,0.0355387684385,0.0,464.3403931914734,463.7858947852479,463.976607289281,463.0114129971145
4.739999999999987,2.28036815025,-6.15711939159,30.1132636839,6.21339855845,0.0841181935416,0.0,0.284501135314,-3.64208177698,6.51226384706,0.0751583644277,0.0212172094791,0.0,458.80312602280895,457.66468166221466,458.00336043500727,460.16712822168984
4.799999999999986,2.29595808994,-6.37723965093,30.5034359553,6.21773034912,0.0850480164234,0.0,0.23506898073,-3.6950039672,6.49364957519,0.0654987542528,0.000470169883186,0.0,443.75328182371226,442.04641295205215,442.5178742930007,441.72583434971676
4.859999999999984,2.30875116679,-6.60034944123,30.8904130314,6.2214500552,0.0847518689823,0.0,0.191345176503,-3.74184169932,6.40614588277,0.0538631067234,-0.0188629603801,0.0,420.2954394931518,418.61610018558446,420.18812917817297,419.18090495482767
4.919999999999983,2.31820946237,-6.82675579586,31.280642697,6.22415104568,0.0842194350523,0.0,0.124133585126,-3.80470686285,6.6004231363,0.0142602393821,0.00596676651876,0.0,504.8083844131068,506.5973639257849,504.89073421501666,502.0255379277384
4.979999999999982,2.32373312361,-7.05683666536,31.6814934898,6.22600121314,0.0844642942344,0.0,0.0600498638526,-3.86451827266,6.76030659415,0.0520708057335,1.38467457662e-05,0.0,496.84178701724693,496.4049786960091,495.98771757757595,498.75767232912926
5.0399999999999805,2.32572700433,-7.29026316496,32.0881992945,6.22903647709,0.0849300559763,0.0,0.00641716068715,-3.91616833537,6.79637407513,0.0474443010801,0.0199491211002,0.0,461.8406889489754,463.4106905309955,462.2913034780274,461.9280273885205
